brasil: -11.102946786877565,  -51.2457275390625
argentina: -34.452218472826544, -65.06103515625
chile: -29.382175075145277, -70.576171875
peru: -9.535748998133627, -76.376953125
colombia:  4.1711154548674365, -72.94921875
paraguai: -24.52713482259779, -56.93115234375
bolivia: -16.214674588248542, -64.75341796875
uruguai: -34.452218472826544, -55.634765625
equador: -1.0106897682409, -78.5302734375
venezuela: 8.124491290861204, -66.005859375
suriname: 5.156598738411168, -55.7666015625
guiana: 6.162400921526595, -58.95263671875
guiana francesa: 4.981505049328245, -52.58056640625
